73946
73690
73807
73874
74023
74108
73580
73465
73268
73617
73742
73545
73402
73599
73437
73466
73771
73707
73532
73782
73846
73569
73616
73836
73635
73505
73609
73701
73542
73635
73285
73167
73262
73455
73206
73349
73939
73739
73868
73555
73586
73706
73738
73824
73853
73872
73961
73791
73621
73699
73837
73663
73711
73818
73659
73674
73777
73599
73366
73356
73361
73363
73134
73194
73167
73354
73156
73068
73175
72999
73103
73189
73033
73100
72762
73049
72864
72311
72322
72342
72342
72153
72741
72628
72438
72333
72328
72322
72263
71837
72147
72108
72188
72210
72511
72552
72552
72554
72386
72543
72404
72154
72243
72273
72524
72610
72353
72354
72347
72640
72390
72341
72570
72529
72469
72450
72379
72242
72344
72563
72835
72415
72441
72617
72400
72117
72175
72506
72519
72552
72057
72068
71817
72127
72098
72163
72634
72398
72867
73050
73015
72754
72560
72384
72821
72325
72659
72628
72540
72163
71833
71661
71677
71987
71827
72236
72019
71867
71768
71911
71985
72041
71959
72064
72134
71956
72224
72004
72068
72154
72195
72192
72219
72047
71964
71837
72132
72020
72327
72106
71885
72150
71942
72025
71815
72111
72092
71794
71893
71963
71926
71963
72218
71763
71782
71798
71837
72100
71100
70535
69178
68607
67594
67781
67612
67556
67608
67207
67567
66977
67353
67283
67359
67029
67334
67668
67463
67557
67473
67555
67373
67248
67145
67307
67437
67288
67685
67555
67446
65512
65586
65600
65400
65407
65713
65504
65593
65630
65652
65486
65596
65602
65386
65715
65689
65725
65518
65777
65815
65316
65691
65722
65526
65762
65780
65616
65828
65854
65621
65401
65714
65998
65720
65526
65541
65817
65596
65622
65173
65177
65458
65033
64630
63160
62559
62862
62691
62771
62864
62773
62873
62737
62894
62779
62634
62975
62493
62538
62845
62614
60522
60523
60786
60378
60597
60429
60487
59697
59498
59485
60081
59680
59580
59989
59819
60208
59795
59960
59858
59791
59844
59716
60007
59845
60023
60138
59930
60043
59691
59707
59950
60009
59967
59777
58607
56695
56988
56809
56722
56261
56386
56688
56348
56683
56792
56807
56804
57022
56919
55523
55325
54921
55125
55203
55314
55148
55274
55448
55063
55212
55480
55318
55152
55469
55215
55312
54727
54784
54605
54224
54798
54669
54730
54980
54581
54469
54739
54544
54621
54716
54827
55050
54907
53636
52424
52587
54710
50363
48725
49679
49601
49888
49936
49740
49749
50686
50415
50448
50003
50055
50067
49704
50078
49961
49985
50126
50350
49893
49581
49508
49347
49194
49362
49012
49128
49486
49522
49931
49772
49749
50963
51320
47883
46074
44434
41682
41596
40031
40952
40467
40558
66795
68504
68881
68638
66700
66994
66840
64880
65144
65419
67145
67284
67056
67055
66985
67236
66905
66748
67007
66823
67030
66778
66809
66865
66609
67038
66338
66619
66652
66553
66776
66837
66863
66856
66963
67187
66942
67265
66852
67571
67800
67765
67490
67831
67453
67550
69021
69175
69326
69144
69055
68874
69281
68798
69430
68999
69104
69342
69346
69552
69531
69202
68958
69114
69244
69399
69286
69745
69499
69362
69340
69016
69200
69130
69305
69284
69709
69475
69660
69681
69798
69470
69697
69619
69561
69340
69383
69099
69404
69233
68980
69362
69579
69456
69635
69584
69288
69601
69690
69121
69787
69252
69834
69608
69458
69263
69527
69400
69241
69118
69555
69428
69437
69482
69242
69617
69325
69319
69239
69559
69404
69402
69588
69170
69286
69228
69247
69406
69370
69318
69374
69051
69307
69018
69459
69172
69285
69371
69093
69158
69177
69001
69020
69338
69329
69175
68797
68873
68407
68439
68771
69235
69077
69079
68946
69035
69078
69106
68946
69292
69157
69383
69129
69114
68687
68966
69036
68721
68972
68781
68766
69175
68706
69141
69005
68889
69227
68818
68880
69077
69164
68878
69168
68789
69132
68978
69032
69046
69208
69293
68848
69098
68895
68982
69190
68629
68755
68943
68954
68926
69159
69132
68949
69232
69085
68843
68478
68641
68514
68789
69006
68919
68962
68873
69069
68851
69069
69145
69067
68966
68725
68840
69129
68989
68920
68933
69129
68837
68706
69012
68983
68797
68849
68887
69026
68867
69061
69131
69043
69071
68934
69107
68710
69183
69051
69295
68923
69206
68854
68879
68955
68884
69022
68790
69175
69099
68805
69116
68956
69312
69032
69095
69008
69166
69129
68672
68705
68666
68780
68410
68615
68884
68442
68848
68571
68947
68785
68867
68628
68680
68446
68458
68704
68754
68697
68782
68962
68730
68821
68718
68728
68932
68662
68332
68375
68867
68804
68708
68724
68563
69050
68795
68807
68667
68889
68749
68450
68507
69011
69175
69143
69178
69213
68923
69061
69204
68966
68834
69044
69112
69088
69034
69062
68932
68695
68838
68380
68753
68968
69128
69077
68988
69129
68823
69207
68900
69039
68726
68977
68935
69028
68909
69007
68927
69197
68956
68715
68929
69069
68914
69163
68953
68973
68881
69320
69104
69262
69057
68972
68765
69167
69076
68893
68833
68847
69071
69059
69098
69080
68900
68912
69201
69076
68888
69102
69048
68721
68951
68970
69240
69024
68830
69229
68748
68366
69133
68660
68959
68753
68824
68760
69182
68995
69275
68962
69356
69285
69053
69102
69278
69181
69141
69013
69306
69329
69360
69508
69279
69309
69145
69283
69251
69414
69433
69515
69301
69245
69012
69379
68894
69173
69135
68954
69038
69150
69170
69256
68808
69315
69141
69193
69160
69185
69208
69198
69083
69356
69410
69196
69338
69207
69280
69040
68857
68586
68908
69052
68943
69047
69235
69341
69197
69034
69357
69473
69576
69526
69589
69310
69249
69086
69426
69324
69181
68694
69187
68767
69141
69128
69243
68676
69036
68872
69339
69094
69484
68836
68790
69059
69001
68952
69080
68883
69110
69381
69131
69292
69199
68998
68855
69078
69076
68964
69167
69091
69044
69087
69037
69022
68953
69322
68961
68952
68718
68423
68456
68446
68788
69126
69301
68971
69217
69305
69306
69343
69263
69322
69209
68964
69029
69214
68733
68974
69069
69008
68766
68833
69183
68942
69134
69177
68820
68898
68913
69015
68997
68962
69013
69137
68892
69200
69279
68765
68943
69062
69046
68912
69065
68900
69181
69042
68901
69145
68844
68835
68764
68573
68678
68893
69029
68792
69228
68626
68955
68420
68513
68406
68546
68992
68916
68725
68701
69206
68708
68802
69022
68904
69417
69038
69021
69051
68678
68965
68654
68888
68959
69001
68959
68856
68774
68671
68798
68981
68894
68678
68927
68954
69011
68822
68969
69250
68938
68699
68864
68992
69020
69074
68807
68966
69012
68934
68725
68945
69019
68877
69054
68903
68882
69211
69226
68733
68960
68809
68545
68782
68545
68594
68502
68881
69032
68605
68829
68872
68666
68887
68662
68591
68756
68810
68833
68688
67107
66781
66276
68260
66407
65819
65270
64875
64746
64823
64883
65067
65051
64926
64814
65060
65104
65139
65224
65122
65151
65150
65194
65224
65008
65051
64907
65136
64918
64531
64788
65066
64650
64673
64907
64784
65052
64586
64616
64639
64941
64479
64328
64656
64419
64449
65050
65122
64943
64957
64797
65029
65111
65154
65202
64791
65127
64903
64694
64715
64772
64987
64456
64731
64534
64821
64810
64612
64655
64687
64714
64753
64524
64821
64863
64652
64947
64715
65012
64521
64887
64928
64680
64492
64597
64889
64909
64680
65030
64755
64789
64814
64871
64931
64976
64791
64615
64570
64608
65102
64680
64431
64476
64521
64569
64354
64697
64708
64789
64817
65005
64744
64745
64545
64586
64741
64737
65008
64523
64798
64838
64875
64667
64747
65192
65205
65247
65285
65057
65417
64909
64922
65457
65264
65280
65108
65104
65157
65162
65239
64974
65260
65049
65045
64887
65126
64928
65190
65205
65004
65307
65085
64894
65184
64961
65245
65106
64819
65013
65260
64622
64907
64475
64700
64465
65063
65135
65155
65176
64939
65021
65252
65335
65048
65091
65427
64936
65223
65013
64789
65114
65144
64916
64952
64985
65050
65080
64847
64970
64987
65007
65319
65351
65141
65185
65220
65057
65185
65228
65277
65081
64860
65169
65066
64867
65357
64983
65062
64849
65088
65118
65109
64934
65217
65056
65091
64925
65115
64959
65239
65079
64891
64869
64450
64710
65034
65122
64923
65169
65012
64790
65073
65184
65191
64730
64985
65002
64863
64968
65093
65334
65100
64742
65133
64812
64883
65125
64899
65081
64749
64924
65089
65163
64941
65098
64840
64891
64947
65333
65110
65002
65498
64891
64875
65109
65007
65055
65089
64602
64993
64947
64787
65073
64811
64767
65081
65344
65046
65037
65334
64810
64718
64963
65017
64980
65325
65012
65279
64721
64935
64745
64988
64548
65116
64902
64785
65194
65074
64872
64773
65362
64720
65051
64873
64870
65068
64749
64733
64942
64643
65225
64719
65113
65317
65214
64986
65011
65215
64978
64942
65199
65051
65288
64873
64960
64949
64760
65133
64562
65192
65291
64923
64836
64732
64909
65071
65027
65127
64873
64727
64610
64441
64643
64385
64879
64803
64813
64888
64896
65046
64917
65044
65058
64942
64787
64766
64646
65076
65136
65354
65279
65110
64921
65309
65030
65786
66176
65590
65897
66072
65917
65781
66089
66071
66368
66027
66048
65913
66061
66260
65942
65864
66002
66183
65961
65841
66020
65917
66265
65996
65879
66107
66011
65661
65712
65948
66026
66151
66238
66043
65937
66038
65806
65805
65885
65900
66333
66228
66333
66308
66283
66390
66303
66489
66233
66105
66328
66210
66146
66338
66344
66361
66596
66191
66271
66406
66522
66699
66095
66425
66436
66304
66837
66396
66464
66559
66446
66180
65986
66176
66323
66543
66280
66239
66243
66146
66490
66260
66040
66446
66339
66283
66490
66358
66315
66078
66261
66556
65947
65859
65816
65576
65829
64227
64005
63905
64053
64258
64332
64048
64173
64318
63836
64229
64192
64155
63963
63999
64158
64155
64165
64403
64068
64086
64370
64064
64210
64324
64391
64102
64595
64235
64764
64587
64351
64587
64350
64181
64568
64264
64511
64240
64307
64366
64450
64472
64603
64563
64321
64082
64613
64537
64173
64223
64053
64525
64550
64150
63983
63803
64040
63882
64024
64432
64478
64341
64424
64208
64255
64267
64369
64557
64584
64470
64378
64651
64766
63871
64090
64116
64643
64257
64184
64285
64499
64364
64259
64240
64589
64263
64539
64208
64563
64412
64084
64375
64158
64155
64161
64280
64080
64513
64366
63077
62975
62853
62815
62782
64154
63941
64083
64324
64252
64477
64198
63958
64245
64083
63953
64113
64062
63839
64221
64403
64689
64704
64479
64619
64797
64838
64629
64943
64450
64735
64769
64742
64688
64769
64772
64401
64714
64906
64578
64717
64908
64799
64369
64428
64429
64724
64630
64512
64543
64525
64358
64560
64609
64700
64457
64671
64748
64645
64923
64731
64795
64844
64771
64406
65093
64775
64692
64558
64807
64616
64588
64683
64861
64403
64264
64318
64135
64577
64697
64588
64782
64719
65018
64785
64823
65040
64935
64685
64822
64644
64690
64683
64785
64622
64670
63552
59259
58921
59253
59127
59307
59158
59157
59118
59119
59002
59215
59137
59191
59145
59070
58872
59187
59112
58970
59267
59404
59024
58736
59039
58711
59104
58808
58717
58838
58910
58942
58915
58976
58763
58720
59198
59060
58952
58928
58784
58556
58851
59258
59145
58981
59224
59037
58845
59174
59161
58988
58593
59352
59167
59112
59005
59371
59170
59210
59244
59498
59274
59067
59232
59392
59419
59212
58966
58826
59250
59137
59028
58982
58835
59135
59121
59101
58891
59249
58976
59141
59166
59142
58912
59208
59015
58872
59096
58680
58850
59070
59205
58874
59081
58856
59142
58693
58678
58667
58527
58718
58882
59162
59125
59206
58835
59220
59381
59147
59226
58997
59112
58897
59197
59092
59363
58861
58734
58948
59060
59093
59160
58740
59016
59077
59250
59207
59077
59075
59103
59109
59306
59199
58957
59543
59346
59393
59348
59502
59525
59315
59403
59333
59336
59274
59761
59484
59390
59661
59176
59728
59442
59497
59275
59585
59403
59062
59415
59244
59260
59067
59640
60098
60164
60223
60206
59931
60351
60157
59938
60248
60357
60339
60369
60457
60585
60283
60529
60244
60289
60373
60282
60402
60536
60545
60583
60264
60709
60393
60439
60527
60537
60458
60493
60423
60671
60473
60569
60328
60299
60486
60416
60140
60513
60600
60639
60487
60345
60530
60611
60187
60482
60507
60386
60582
60408
60457
60391
60131
60142
60221
60516
60586
60418
60617
60864
60658
60726
60744
61011
60571
60795
60909
60828
60686
60576
60509
60667
60578
60477
60653
60640
60663
60708
60947
61033
60885
60936
60556
60860
60912
60732
60880
60784
61016
60348
60444
60444
60554
60530
60577
60540
60435
60322
60598
60461
60379
60496
60609
60845
60472
60573
60354
60399
60579
60258
60030
60274
60121
60238
60329
60554
60374
60659
60399
60611
60604
60375
60461
60892
60585
60386
60433
60682
60483
60666
60623
60400
60520
60585
60750
60611
60439
60663
60267
60567
60513
60433
60342
60303
60521
60340
60215
60453
60373
60482
60771
60425
60832
60469
60219
60341
60365
60683
60312
60702
60285
60683
60365
60592
60550
60629
60528
60499
60584
60284
60530
60345
60043
60063
60615
60447
60414
60297
60238
60280
60538
60403
60188
60292
60799
60540
60223
60358
60402
60255
60069
60364
60284
60338
60265
60250
60451
60144
60794
60072
59980
60307
60477
60314
60208
60609
59910
60384
60171
60340
60287
60066
60459
59874
60364
59949
60149
60065
59975
60509
60276
60018
60009
60419
60434
60197
60323
60480
59819
59855
59645
59702
60053
60304
60094
60260
60286
60201
60234
60292
60329
59960
60321
60144
60516
60282
60260
60113
60278
60351
60230
61578
61577
61407
61703
61471
61499
61276
61166
61916
61518
61701
61561
61246
61227
61628
61377
61492
61567
61316
61512
61562
61517
61564
61532
61321
61519
61331
61614
61684
61580
61396
61541
61475
61538
61446
61464
61151
61200
61407
61314
61645
61563
61708
61948
61483
61818
61851
61634
61718
61969
61909
61896
61552
61483
61818
61498
61703
61451
61839
61824
61389
61810
61653
61504
61580
61621
61797
61920
61577
61885
61806
61935
61652
61903
61824
61662
61214
61635
61660
61901
61438
61556
61950
61615
61554
61809
61701
61497
61936
62155
61581
61620
61647
61685
61669
61536
61095
60854
61098
60886
60878
61396
61249
61373
61172
61206
61201
61281
61210
61476
61356
61519
61320
61289
60995
61532
61324
60953
61491
61415
61281
61434
61253
61250
61417
61375
61606
61461
61350
61581
61128
61414
61482
61465
61226
61167
61506
61076
61387
61128
61133
61285
61161
61508
61361
61508
61398
61322
61210
61385
61345
61140
61083
61278
61187
60989
61028
61128
60864
61044
61025
61414
61390
61422
61624
61329
61514
61370
61590
61370
61400
61433
61375
61572
60972
61264
61479
61473
61253
61186
61116
61252
61281
60941
61062
61309
61212
61345
61267
61331
60998
61137
61145
60947
61266
61076
61141
60915
61294
60945
61281
61023
61309
61213
61268
61183
61441
61288
61294
61153
61113
61793
61291
61822
61778
60617
59965
59612
59697
59431
60281
59965
60003
60068
60110
60341
60017
60465
60559
60151
60428
60387
60178
60407
60647
60391
60428
60088
60090
60315
60315
60213
60053
60456
60260
60594
61097
60784
60940
60718
60722
60971
61087
60906
61054
61916
61960
62180
62042
62349
61932
61798
62055
62026
61711
61724
61763
61815
61643
61873
61892
61446
61945
61923
61531
61570
61478
61643
61214
61673
61626
61856
62074
62013
62137
61843
61630
61957
61716
61923
61611
61625
61670
62108
61966
61767
61906
61786
61928
61747
61647
61809
61814
61650
61857
61694
61735
62066
61808
62325
62113
62363
62203
61963
62011
62174
62104
62018
62299
62065
62085
62152
61958
61807
62157
61998
61805
62098
61918
62149
62200
62174
62005
61850
62265
62431
62753
62636
62491
62598
62764
62916
62939
62723
62963
62580
62891
62970
62633
62760
62581
62914
62889
62671
62902
62840
62617
63034
62918
62853
62821
63166
62993
62628
62905
62853
63174
62995
63043
62799
62838
62665
62726
63193
62681
62587
62563
62916
62819
63004
62773
62798
62742
62942
62849
62786
63094
62620
62665
63094
62936
62785
63120
62921
62922
62909
62817
63030
62792
63501
63090
63295
63260
63338
63429
63201
63110
63033
63492
63312
63353
63319
63380
63322
63341
63247
63347
63101
63184
63431
63412
63195
62832
63542
63074
63527
63443
63330
63276
63274
63321
63691
63527
63255
63159
63190
63474
63461
63059
63138
63159
63346
63276
63266
63600
63408
63001
63291
63461
63335
63163
63199
63284
62965
62813
62962
63266
63184
63212
63606
63717
63480
63509
63551
63437
63604
63518
63046
63326
63255
63232
63349
63247
63281
63160
63325
63596
63418
63421
63307
63035
63138
63219
63424
63250
63068
63346
63127
63210
63172
63223
63246
63049
63227
63384
63092
63081
63429
63454
62995
63121
62897
62927
63387
63111
63062
63097
63088
63216
62990
63260
63048
63032
62668
62912
62807
62995
62842
63410
63163
63158
63273
63213
63429
62877
63026
63170
63259
63295
63179
63407
63354
62914
63275
63102
63310
63204
63380
62781
63325
63133
62986
63371
63334
63067
63182
63413
63326
63221
63382
63321
63271
63303
63039
63081
63161
63047
63134
63334
63226
63276
63186
63502
63349
63254
63502
63343
62975
63388
63181
63254
62981
63150
63192
63688
63280
63777
63891
63689
64021
63825
63894
63692
63828
64025
63649
63962
64046
63832
64161
63808
63786
64136
64189
63965
64009
63798
64067
64081
63952
63954
63986
63772
64026
64029
64315
64361
64148
64122
63974
64266
64344
64135
64163
63895
64009
64295
63822
64115
64396
63980
63980
64229
63811
64354
64163
63913
64279
64243
64350
64364
64162
63799
63832
63608
63683
63489
64092
63910
64306
64032
64016
63896
63933
64204
64022
64333
63835
64210
63772
64069
64350
63886
64184
64215
63994
64039
64105
63844
64124
63914
63941
63910
64032
64002
64083
64360
64139
63937
63960
64057
64049
63843
64352
63934
64212
63998
64299
63885
64133
64169
63999
64099
64198
64219
63994
63981
64014
64120
63856
63964
64118
63801
63653
63644
63674
63751
63836
63848
64173
63948
63992
64070
63595
63937
63874
63735
64109
63901
63924
64005
63817
64077
64403
63841
63880
63999
64271
64307
64073
64113
64158
63946
63984
64012
63800
64095
64133
64169
64217
64242
64059
64224
64214
64063
64179
64266
64049
64089
63604
64144
64187
63968
63998
64019
64081
63807
64077
63946
63958
63743
63875
63657
63818
63637
63440
64045
63803
63830
63903
64222
63987
64025
63870
64202
63975
64078
63344
63586
63483
63813
63528
63834
63837
63884
63652
63699
63508
63788
63380
63696
63661
63741
63516
63546
63728
63766
63772
63499
63886
63872
63922
63796
64080
63763
63341
63415
63513
63264
63620
63368
63402
63684
63214
63208
63566
63336
63372
63276
63237
63359
63192
62007
60882
60743
60500
61137
60890
61036
61304
61360
61132
61230
61221
61272
61053
60945
60934
61244
61037
61354
61018
61292
61440
61232
61264
61332
61303
61318
61420
61187
61115
61271
61311
61347
61332
61396
61479
61500
61282
61258
61331
61367
61184
61439
61524
61302
61098
61387
61155
61197
61531
61241
61392
61629
61388
61175
61457
61434
61557
61755
61121
61288
61063
61099
61122
61487
61419
61315
61577
61361
61453
61450
61607
61657
61441
61274
61271
61425
61450
61409
61560
61539
61289
61130
61171
61479
61284
61294
61042
61378
61164
61453
61310
61321
61374
61367
61443
61211
61245
61510
61089
61367
61211
61240
61291
61125
61143
61433
61259
61235
61358
61155
61260
61313
61384
61148
61118
61207
61505
61090
60816
61357
61147
61235
61570
61518
61806
61924
61495
61510
61515
61912
61661
61391
61569
61809
61677
61703
61849
61568
61300
61647
61667
61507
61794
61763
61885
61613
61652
61568
61610
61634
61688
61775
62017
61693
61765
61755
61587
62072
61639
61430
61726
61137
61361
61056
60379
60234
60242
60330
60090
59940
60013
60073
59586
59491
59404
58450
58514
56592
55760
55492
55312
55162
55260
55513
55319
55216
54993
55248
55295
55072
55397
54940
55052
54787
54680
54645
54591
54622
54649
54680
54512
54698
54467
54599
53646
53707
53806
53635
53670
54009
53743
53836
53702
53817
53349
53391
53481
53467
53254
53014
53118
53096
52907
52920
52653
52542
52075
52142
52201
52492
52269
52381
52167
51805
52052
51780
51746
51580
51430
51673
51258
51262
51086
51385
51012
51265
50812
51061
50636
50901
50733
50808
50608
50422
50201
50582
50319
50319
50401
50456
50483
50564
50629
50415
50205
50557
50247
50367
50684
50420
50544
50130
50449
50246
50540
50261
50371
50376
50358
50031
50601
50386
50159
50402
50475
57661
57444
57514
57574
57678
57468
57286
57271
57398
57404
57295
57045
57339
57061
56912
57195
57553
57074
57379
57399
57488
57509
57845
57696
57499
57503
57762
57816
57848
57727
57758
57738
57833
57889
57907
57757
57751
57520
58076
57910
58167
57902
57751
58035
57942
58159
57907
58005
57751
57825
57882
58254
57964
58076
57845
57934
58118
58014
58007
57758
58101
58142
57914
58007
58032
57876
58072
57960
57941
58235
58041
57448
57758
57531
58610
58134
58491
58586
58655
58712
58535
58538
58841
58842
58880
59219
58844
58605
58903
58946
58732
59041
58778
58837
59122
58952
58934
58953
58998
58779
58560
58826
58914
58694
58728
59031
58549
59105
58911
58669
59012
59041
58776
58812
59035
59075
58849
58877
59200
58969
59297
59257
59091
59359
59141
59167
58687
58967
59263
59112
59185
58696
58810
58776
58598
58853
58943
59216
59126
59177
59226
59246
59296
59112
59469
59250
59098
59122
59158
58923
58955
59011
59045
59339
59355
58875
58895
58932
59057
58992
58881
58884
58964
59065
58828
58756
58863
58936
58973
58972
59144
59083
59194
59007
59356
58919
59211
59263
58787
58818
58825
58938
58967
59014
58806
58824
59271
58558
59094
58877
58657
58485
58608
58606
58413
58814
59114
58933
58769
58494
58597
58846
58599
58728
58992
58864
58809
58855
58629
58745
58727
58553
58203
58312
58107
58163
58455
58263
58156
58342
58183
58383
58133
58454
58493
58036
58572
58055
58195
58238
58082
58127
58362
58008
58084
58412
58458
58259
58255
58046
58114
58426
58459
58232
58253
58055
58363
58127
58171
58196
58005
58633
58449
58540
58266
58645
58639
58990
58505
58593
58872
58648
58786
58771
58866
58694
58743
59043
58844
58862
58852
58921
59004
58978
58809
59071
58863
58907
58998
59018
59078
58910
58686
58972
59030
58805
58839
59009
58793
58321
58909
58694
58490
57950
58027
58299
57781
57875
59025
59126
58906
59232
59237
58758
59064
58590
58865
58645
58921
59199
58550
58820
58351
58442
58273
58745
58524
58659
58927
58895
58726
58541
58783
58828
58610
58672
58763
58800
58621
58897
58474
58494
58775
58572
58779
58897
58561
58595
58382
58675
58785
58804
58861
58837
58471
58775
58808
58833
58617
58635
58689
58726
58785
58813
58605
58652
58719
58858
58598
59156
58711
59019
58789
58896
58945
58698
58986
59061
58863
58744
58868
58660
59018
58476
58866
59162
58638
58769
59055
58468
58765
58800
58841
58825
58727
58757
58557
59102
58318
58687
58711
58544
58796
58582
58557
58906
58694
58720
58701
58540
58661
58669
58725
58740
58789
58583
58608
58705
58687
58764
58739
58578
58587
58649
58665
59029
58764
59014
59013
59097
59116
59167
59114
58782
59056
58681
58674
58762
58675
58041
58405
58549
58270
58367
58414
58422
58566
58910
58628
58923
58509
58756
58791
58880
58683
58697
58748
58520
59066
58585
58879
58931
59007
58536
58622
58911
58632
58923
58754
58758
58816
59141
58468
58708
58738
58806
58826
58586
58655
58927
58532
58824
58595
58893
58485
58529
58611
58387
58624
58671
58632
58942
58519
58802
58778
58603
58900
58670
58736
58264
58332
58402
58452
58229
58603
58854
58653
59007
58536
58791
58812
58943
58676
58744
58780
59066
59148
58670
58697
58734
58976
58770
58817
58635
58883
58753
58717
58780
58616
58653
58471
58747
58742
58580
58809
58784
58765
58733
58567
58692
58667
58751
58787
58894
58926
58648
58753
58498
58778
58865
58810
58658
58676
58783
58533
58841
58603
58657
58485
58306
58371
58385
58165
58770
58847
58642
58708
58481
58509
58831
58595
58874
58416
58756
58811
58549
58830
58424
58652
58769
58861
58865
58394
58676
58712
58413
58697
58731
58495
58585
58623
58461
58449
58762
58811
58588
58608
58647
58739
58972
58710
58576
58874
58648
58886
59006
58805
58837
58794
58780
58554
58878
58909
58961
58802
58511
58818
58649
58400
58222
58300
58587
58105
58718
58246
58833
58877
58469
58524
58771
58499
58377
58711
58407
58666
58656
58478
58796
58555
58789
58617
58342
58750
58742
58507
58816
58331
58815
58410
58698
58749
58554
58798
58764
58853
58702
58725
58510
58528
58582
58624
58655
58454
58734
58784
58559
58395
58621
58665
58444
58502
58507
58350
58349
58380
58667
58421
58711
58152
58201
57996
58272
58331
58418
58443
58572
58600
58570
58669
58500
58731
58511
58541
58714
58443
58712
58738
58600
58667
58783
58776
58804
58846
58628
58897
58691
58984
58746
58835
58807
58587
58869
58451
58700
58741
58539
58620
58646
58458
58450
58507
58344
58524
58506
58328
58558
58817
58355
58403
58682
58468
58741
58819
58367
58646
58414
58458
58302
58330
58445
57939
58187
58578
58625
58696
58756
58572
58374
58707
58745
58746
58813
58401
58747
58562
58804
58578
58372
58702
58694
58725
58488
58531
58816
58683
58702
58720
58752
58592
58570
58489
58315
58550
58584
58633
58435
58492
58775
58610
58865
58651
58704
58451
58512
58816
58573
58623
58421
58749
58548
58555
58583
58614
58853
58441
58469
58755
58128
58173
58169
58250
58305
58411
58438
58757
58344
58594
58643
58699
58737
58540
58801
58463
58740
58570
58617
58698
58898
58745
58501
58787
58710
58504
58418
58754
58777
58828
58838
58375
58438
58740
58770
58602
58587
58603
58388
58730
58507
58289
58464
58568
58833
58664
58481
58717
58736
58319
58363
58649
58636
58721
58493
58562
58516
58586
58405
58702
58272
58340
58386
58231
58461
58589
58832
58401
58471
58822
58817
58720
58977
58786
58564
58515
56063
56142
56271
56512
56345
56451
56366
56509
56578
56361
56406
56389
56463
56511
56541
56576
56645
56359
56223
56265
56541
56170
56474
56483
56279
56305
56572
55935
56191
56739
56522
56624
56654
56727
56732
56570
56603
56709
56746
56703
56488
56539
56608
56212
56498
55999
56123
56199
56510
56566
56352
56679
56458
56748
56508
56742
56503
56360
56198
56508
56614
56378
56726
56755
56534
56567
56400
56631
56481
56471
56301
56309
56303
56578
56681
56754
56488
56547
56578
56671
56382
56723
56731
56546
56510
56349
56604
56375
56410
56478
56582
56363
56367
56419
56728
56206
56544
56735
56483
56283
56626
56607
56397
56448
56213
56283
56405
56096
56244
56487
56574
56588
56117
56410
56737
56261
56551
56322
56155
56890
56953
56721
57075
56861
56654
56882
56671
57341
57067
57088
56887
56929
56968
56989
57027
56847
57096
56874
57162
56952
56691
57078
57044
56931
56905
56990
57015
56785
56863
56882
56947
56821
56851
57154
56632
56612
56970
57006
56798
57058
56849
56823
56673
56309
56397
56539
56311
56557
57036
56455
56804
56794
57029
57022
56943
56881
57267
56856
57327
56980
57219
57191
57113
56914
57237
57250
57115
56974
57099
56991
56755
57023
57126
56895
56874
56998
56943
57249
57054
56827
57097
56854
57100
57077
56751
56802
56891
56858
57156
56901
56993
56671
56772
56809
57117
56639
56900
56828
56788
56919
56752
56901
56723
56493
56562
57197
56853
57539
57203
57280
57420
57174
57433
57479
57128
57153
57396
57266
57284
57134
57596
57501
57251
57584
57385
57586
57387
57245
57333
57281
57448
57297
57350
57704
57537
57805
57644
57385
57354
57256
57541
57049
57436
57357
57136
57130
57238
57212
57279
57411
57547
57321
57181
57324
57304
57294
57247
57206
57568
57420
57464
57088
56928
56913
56761
56942
56835
57129
57562
56996
57450
57297
57319
57403
57488
57340
57116
57454
56995
57544
57650
57059
57212
57188
57162
57057
57087
57184
57240
57272
57430
57423
57243
56984
57474
57474
57112
57143
57589
57340
57520
57505
57302
57483
57555
57539
57191
57155
57284
57579
57356
57247
57404
57263
57174
57259
57289
57700
57275
57414
57475
57218
56792
57029
57146
57235
57138
57345
57377
57080
57221
57510
57420
57484
57397
57278
57468
57543
58302
58228
57706
58267
58100
58046
57962
57949
58245
57850
58583
58425
58270
58472
58346
58177
58475
58164
58296
58410
58131
58294
58212
58253
58623
58609
58469
58428
58305
58395
58447
58435
58276
58371
58625
58259
58147
58332
58518
58385
58786
58625
58812
58189
58300
58583
58265
58257
58507
58448
58731
58701
58855
58370
58651
58798
58883
58635
58556
58806
58636
58739
58761
58335
58803
58394
58600
58562
58437
58667
58621
58649
58804
58742
58527
58346
58489
58373
58758
58673
58609
58498
58502
58694
58456
58907
58654
58608
58399
58430
58885
58489
58769
58313
58826
58621
58807
59100
58474
58788
58815
58768
58559
58617
58068
57698
57714
57525
57887
57752
58426
58056
57758
58320
58118
58138
58014
57954
57993
58117
58206
58163
58021
57868
58136
58320
58182
58156
58424
58030
57874
58193
57900
58240
58259
58098
58122
57909
58401
58167
57922
57706
58219
58112
58149
58180
58272
57734
57849
58128
57639
58155
58115
58013
58107
58187
57968
58467
58100
58124
58276
58427
57924
57381
57929
57649
57878
58042
58317
58220
58592
58224
58593
58238
58342
58286
58320
58483
58539
58349
58329
58258
58199
58456
58025
58194
58075
58207
58273
58359
58204
57942
57969
57848
58090
58168
58389
58029
58079
58086
57890
57955
57900
58288
58557
58482
58188
58562
58593
58514
58417
58373
58769
58842
58758
58719
58903
58616
58805
58379
58778
58630
58410
58429
58572
58617
58104
58913
58720
58947
58838
58713
58785
58752
58847
58758
58819
58645
58368
58414
58449
58814
58509
58793
58647
58827
58671
58414
58636
58618
58637
58896
58975
58799
58844
59000
58850
58728
58805
58773
58382
58564
58462
58524
58851
58593
58917
58698
58850
59034
58681
58726
58832
58564
58583
58410
58437
58744
58876
58559
58533
58536
58460
58280
58481
58279
58561
58495
58681
58742
58663
58446
58701
58519
58801
58629
58858
58540
58660
58813
58515
58634
58702
58647
58725
58498
58912
58546
58625
58946
58505
58631
58729
58551
58535
58716
58721
58702
58841
58583
58784
58353
58612
58489
58637
58482
58526
58322
58469
58721
58600
58929
58657
58903
58667
58496
58787
58532
58677
58703
58984
58265
58586
58412
58193
58621
58765
58673
58792
58695
58914
58717
58990
58816
58331
58417
58530
58597
58641
58775
58752
58545
58332
58362
58396
58630
58663
58723
58534
58807
58574
58649
58696
58611
58899
58733
58668
59008
58612
58690
58486
58553
58503
58651
58526
58662
58647
58580
58852
58662
58479
58716
58703
58761
58652
58795
58455
58897
58780
58778
58667
58229
58049
58275
58330
58185
58703
58444
58806
58461
58607
58628
58679
58534
58772
58492
58437
58855
58805
58562
58539
58588
58694
58802
58356
58639
59033
58550
58750
58510
58805
58410
58725
58702
58484
58592
58723
58717
58533
58519
58555
58669
58664
58737
58492
58676
58651
58536
58451
58529
58772
58510
58458
58616
58479
58475
58363
58195
58508
58568
58350
58447
58628
58416
58388
58687
58695
59187
58862
58676
58652
58497
58948
59032
58850
59076
58788
58589
58781
58442
58674
58570
58645
58501
58411
58643
58788
58827
58820
58686
59088
58722
59008
59047
58950
59124
59276
59250
59256
58693
58935
59240
59052
59101
58923
59145
58993
59285
58944
59272
59047
59147
58920
59104
58935
59035
59007
59126
58840
59083
58551
58938
58419
58848
58964
58930
59027
59102
59100
58821
58864
59076
58871
58944
59120
59302
59018
59084
59235
58923
58897
59081
58787
59077
59274
58812
59105
58915
59164
59116
58823
59106
58940
58868
58802
59043
58833
58912
59227
58981
59027
58992
59189
58827
58637
59060
59190
59229
58762
59142
59312
58966
58986
59406
58970
58990
59384
59413
58965
59348
58715
58586
58604
58710
58478
58855
58938
58748
59107
58856
58938
59177
58948
59230
58783
59077
58915
59003
59023
58746
58843
58869
58894
58918
59001
58729
58866
58850
58970
58752
59010
58807
58842
58729
58797
59067
59086
58871
58874
58972
58790
59034
58878
58867
58955
58948
59293
59269
58935
58924
59208
59239
59279
59053
59093
58873
58894
58925
59000
58587
58435
58726
58525
58844
58877
58948
59046
59141
58634
58942
59003
58726
59021
58798
59184
58959
58719
59083
58560
58840
58947
58966
58807
59002
58845
58880
58615
58682
58701
58766
59061
58845
58875
58642
58924
58952
58724
58770
58850
59070
58882
58905
59195
59020
58795
59128
58857
58889
58938
58727
59004
58527
59082
58862
58883
58929
58723
58735
58788
58354
58408
58458
58495
58540
58663
58716
58601
58849
58619
58661
58740
58556
58864
58852
58686
58779
58770
58825
58611
58640
58690
58976
58833
58569
58607
58902
58940
58721
59015
58524
58833
58868
58665
58666
58768
58811
58594
58638
58948
58733
58815
58602
59108
58690
58719
59064
58569
59114
58682
58916
58972
59006
58850
58822
58871
58689
58987
58767
58554
58457
58248
58532
58540
58419
58783
58777
58789
58508
58761
58621
58903
58992
58429
58795
58654
58692
58735
58775
58811
58815
58439
58701
58706
58574
59067
58587
58642
58929
58739
58508
59053
58844
58627
58672
58719
58759
58800
58587
58954
58674
58820
58789
58640
58641
58684
58717
58576
58815
58869
58874
58933
58719
58829
58866
58911
59188
58980
59009
58869
58591
58267
58060
57877
58719
58736
58559
58595
58471
58756
58540
58611
58639
58476
59012
58608
58617
58477
58463
58501
58788
58326
58605
58392
58414
58191
58226
58559
58645
58405
58452
58257
58330
58381
58609
58360
58733
58740
58777
58641
58669
58706
58975
58571
58525
58341
58379
58429
58403
58518
58301
58639
58630
58401
57643
57237
57791
57607
57597
57210
57026
57085
57110
57148
57481
57319
57619
57428
57459
57313
57559
57392
57587
57427
57295
57678
57716
57560
57585
57615
57390
57724
57514
57589
57314
57615
57668
57457
57548
57475
57602
57631
57628
57464
57689
57671
57769
57888
57696
57752
57746
57786
58127
57942
57704
57747
57534
57595
57646
57664
57474
57759
57831
57634
57365
57663
57441
57821
57610
57258
57094
56894
57225
57084
57376
57693
57798
57523
57358
57425
57445
57472
57535
57807
57664
57472
57754
57563
57333
57682
57662
57684
57447
57210
57325
57509
57581
57864
57570
57853
57685
57909
57629
57722
57550
57558
57796
57553
57394
57440
57469
57491
57775
57576
57335
57610
57653
57513
57785
57556
57598
57467
57425
57601
57654
57398
57457
57812
57324
57185
57201
57311
56992
57613
57630
57768
57553
57588
57413
57678
57454
57242
57802
57531
57432
57746
57504
57599
57685
57696
57742
57537
57812
57563
57899
57503
57435
57746
57856
57848
57780
57409
57452
57744
57510
57541
57825
57393
57485
57456
57812
57643
57670
57584
57487
57294
57848
57377
57408
57687
57692
57488
57777
57587
57105
57650
57419
57722
57042
57138
57395
57160
57467
57636
57167
57622
57499
57249
57611
57414
57446
57495
57542
57655
57654
57703
57736
57782
57797
57664
57660
57832
57818
57645
57728
57750
57545
57872
57924
57753
57314
57570
57591
57659
57420
57730
57510
57528
57779
57560
57571
57603
57662
57188
57474
57492
57510
57565
57606
57384
57420
57674
57809
57831
57647
57910
57980
57760
57578
57863
57682
57717
57748
57847
57911
57956
57821
58015
58168
58132
57920
57957
58072
58174
58209
57802
58045
58102
58012
58064
57911
57894
58199
58041
58011
57887
58069
58177
57946
57987
57995
58013
58114
58153
57940
58009
58016
58029
58086
58110
58219
57805
57145
56781
56553
56610
56394
56738
56826
56849
56630
56678
56712
56693
56808
56817
56871
56111
56528
56284
56342
56363
56712
56498
56862
56849
56695
56519
56812
56543
56833
56630
56692
56521
57061
56670
56716
56765
56524
56513
56326
56616
56427
56705
56756
56565
56621
56660
56988
56520
56887
56862
56895
56667
56703
56734
56777
57352
57315
57134
57462
57293
57071
57065
57368
56851
56978
56794
57026
56880
57122
57159
57209
57057
57100
57162
56940
57031
56794
56585
56819
56673
57010
57299
57416
57190
56913
56895
57244
57066
57041
57099
57164
57249
57228
57236
57300
57130
56891
57174
56942
57229
57000
57280
57299
57346
57115
57291
57102
57164
57182
57180
57118
57343
56919
57160
57017
57248
57321
57245
57378
57120
57883
57657
57923
57735
57811
57882
57633
57654
57733
57527
57568
57548
57629
57672
57918
57307
57341
57375
57154
56947
57806
57891
57688
57740
57533
57660
57911
57440
57721
57522
57649
57659
57517
57760
57523
57597
57625
57478
57722
57498
57637
56901
57917
57736
57520
57560
57708
57769
57871
57902
57958
57736
58051
57666
57604
57956
57706
57787
57584
57682
57691
57770
57811
57598
57632
57700
57520
57825
57576
57368
57691
57541
57819
57752
57094
57432
57215
57015
57314
57720
57470
57561
57896
57689
57666
57449
57729
57530
57637
57352
57715
57549
57619
57647
57981
57718
57497
57550
57564
57472
57524
57582
57358
57398
57714
57500
57780
57881
57859
57723
57751
57533
57878
57623
57926
57401
57786
57816
57829
57609
57390
57500
57464
57793
57374
57598
57926
57483
57727
57514
57472
57556
57555
57612
57215
57217
57199
57091
57079
57668
57513
57846
57616
57699
58012
57575
57965
57750
57778
57872
57396
57691
57714
57775
57254
57553
57347
57392
57436
57523
57760
57540
57588
57433
57404
57519
57537
59441
59556
59794
59559
59610
59387
59450
59280
59589
58617
55118
55223
55002
55077
55087
55140
54900
56603
56135
56713
56003
56301
56318
56624
56689
56726
56293
55556
56089
55644
55948
56116
55887
56162
56278
56307
56135
56847
57135
56682
56713
56979
56675
56673
56752
56795
56575
56616
56612
56676
56518
56533
56860
56653
56696
56718
56543
56329
56613
56913
56703
56715
56538
56589
56834
56417
56694
56767
56794
56853
56482
56750
57531
57371
57604
57412
57185
57509
57364
57335
57375
57437
57369
57465
57553
57526
57137
57214
57015
57048
57067
57396
57342
57915
57697
57463
57525
57313
57307
57623
57223
57654
57605
57355
57438
57701
57423
57770
57319
57632
57727
57719
57684
57728
57490
57593
57641
57946
57731
57467
57848
57868
57660
57722
57730
57800
57596
57686
57671
57711
57802
57605
57628
57649
57652
57879
57574
57686
57933
57764
57491
58768
59081
58862
59141
58919
58791
58506
58799
58839
58381
58708
58738
58791
59103
58873
58893
59219
58999
59040
59365
59088
58985
59170
59010
59315
59352
59379
59597
59432
59218
59254
59550
59321
59364
59432
59469
59240
59267
59357
59360
59656
59175
59717
59359
59334
59370
59395
59242
59478
59514
59604
59335
59309
59715
59457
59809
59603
59645
59419
59722
59754
59537
59556
59573
59639
59946
59986
59775
59592
59928
59968
60289
60140
60158
59913
60412
60189
59986
60040
60093
60437
60284
60354
60088
60442
60214
60550
60087
60387
60410
60195
60487
60500
60530
60539
60139
60151
60157
60463
60351
60397
60184
60121
60419
60168
60267
60349
60082
60335
60422
60232
60273
60273
60487
60563
60546
60551
60447
60509
61031
60804
60858
60663
60733
60500
60351
60405
60309
60280
60659
60634
60628
60874
60920
60740
60726
60511
60598
60571
60303
60458
60736
60527
60320
60364
60458
60688
60477
60217
60283
60581
60660
60239
60524
60581
60597
60685
60412
60500
60540
60538
60628
60718
60477
60552
60540
60575
60595
60645
60476
60446
60523
60623
60400
60645
60456
60529
60568
60469
60200
60300
60352
60407
60225
60243
59779
60067
60118
53539
47070
47098
47409
47390
48616
48234
48268
48120
48298
48342
48175
48480
48285
48354
47976
47790
47196
47266
47012
46817
47104
46927
46919
47251
47031
47006
47034
46749
46858
46949
46736
46942
47259
46819
47133
46902
46961
46975
46866
46647
46951
46975
47097
47138
46868
46949
46980
46761
47070
46834
46626
46652
46694
46990
47038
46677
46417
46718
46503
46538
46919
46752
47004
46829
46611
46905
46723
46751
47055
46837
46696
46781
46788
46786
46593
47133
46474
46757
46801
47041
46648
46702
47101
46628
46666
46691
46984
46520
46558
46596
46872
46678
46773
46500
46512
46539
46577
46867
46990
46437
46773
46804
46620
46757
46713
46740
46580
46881
46652
46934
46767
46555
46824
46605
46418
46511
46270
46346
46160
46768
46553
46653
46422
46772
46761
46579
46661
46943
46732
46567
46618
46639
46725
46696
46793
46610
46594
46627
46897
46695
46469
46504
46539
46598
46617
46414
46761
46802
46427
46612
46700
46898
46468
46495
46509
46560
46897
46617
46684
46501
46814
46544
46605
46692
46426
46418
46440
46726
46618
46580
46649
46663
46451
46783
46409
46256
46328
46108
46164
47005
46810
46641
46650
46438
46205
46749
46529
46495
46604
46434
46484
46253
46601
46639
46623
46181
46458
46505
46545
46583
46824
46644
46230
46236
46545
46571
46537
46382
46245
46495
46514
46546
46629
46139
46425
46468
46735
46359
46398
46485
46777
46317
46411
46435
46194
46511
46516
46274
46591
46614
46176
46701
46490
46270
45827
46161
46189
46212
46051
46335
46671
46517
46623
46440
46197
46693
46536
46540
46330
46751
46257
46259
46097
46454
46454
46226
46332
46362
46654
46379
46190
46070
46356
46390
46422
46205
46205
46360
46329
46394
46160
46203
46253
46262
46314
46609
46406
45926
46115
45341
45329
45241
45480
45513
46104
46206
46491
46253
46553
46337
46412
46451
46190
45993
45786
45865
45564
44155
44052
44279
44134
44182
44495
44292
44344
44489
44327
44298
44299
44458
44795
44277
44367
44384
44350
44206
44218
44304
44144
44357
44169
44460
44230
44253
44016
44302
44699
44421
44280
44283
44321
44392
44424
44475
44219
44233
44619
44556
44165
44430
44335
44088
44226
44003
44290
44330
44367
44213
44411
44260
44291
44024
44286
43643
43964
43801
43924
43615
43795
43589
44072
44374
44164
44098
43946
44124
44212
44158
44033
44205
44075
44307
43937
44167
44230
44044
44504
44313
44247
44331
44207
44379
44354
44216
43902
44297
44145
44497
44230
43993
44182
44110
44085
44020
44304
43776
44195
44019
44258
44093
44287
44379
43950
43999
44027
44388
44445
44525
44301
44264
44511
44168
44554
43988
44083
43796
43614
43955
44419
44195
43889
44147
44235
44075
43989
44100
43874
44383
44239
44323
44335
44225
44172
44320
44131
44211
44001
44096
44097
44141
44013
44005
44064
44489
44335
44212
44029
43957
43975
44357
44106
43957
43871
43998
44455
44092
44142
44181
44212
44133
43981
44077
44275
43916
44185
44394
44019
43990
44150
44120
44164
44120
44176
43577
43752
43763
43795
43928
44188
43912
44200
44357
44149
44162
43860
44136
44123
43951
43803
43935
43952
44373
43929
44138
44200
44198
43868
43923
44199
43849
44323
44100
44005
44029
44202
43821
44129
44268
43903
44131
44054
44557
44348
44498
44150
44298
44371
44071
44110
44006
44450
44202
43868
44109
44169
43793
43820
44001
44087
44162
44136
44155
43563
43566
44051
43620
43902
44169
44185
43906
44155
43798
44039
43998
44135
43893
44330
44233
44170
44065
44241
44332
44088
44379
44085
43980
44017
43989
44298
44312
43897
44359
43987
44270
44304
43838
43894
44006
44187
43973
43721
44057
44248
43830
44130
43934
44533
44317
44294
44243
44254
44636
44270
44259
44289
44451
44437
44421
44188
44062
44334
43611
44029
43711
43848
43679
44555
44159
44583
44039
44423
44539
44439
44366
44244
44287
44593
44317
44196
44250
44561
44050
44263
43856
43978
44025
43810
44155
44625
44451
44512
43867
44297
44183
44495
44477
44284
44209
44332
44329
44383
44258
44233
44404
44319
44168
44134
44328
44024
44387
44221
44447
44313
44328
44186
44181
44284
44545
44236
44400
44132
44037
43837
43641
43947
43717
44008
44092
43869
44019
44268
44305
44283
44168
44190
44399
44200
44052
44409
44517
44449
44011
44030
44440
44233
44361
44079
44101
44125
44089
44397
44327
44259
44148
44123
44196
44195
44043
44333
44131
44395
44561
44166
43914
44438
44240
44132
44254
44205
43941
44002
44186
44028
44093
44419
44189
44347
44194
44099
44512
44258
43724
43882
44141
44085
43857
43920
44142
44205
44018
44011
44026
44593
44315
43950
43758
43998
44530
43954
44251
44030
44013
44239
44263
43962
43950
44413
44134
44394
44194
44277
44016
44253
44296
44331
44204
44194
44266
43746
43595
44096
44131
43840
43677
43780
44195
44077
43665
44058
43881
43784
44054
44047
44113
44159
44118
44455
43950
44010
44025
43769
43609
43618
43693
43967
44048
44205
44205
43686
44042
43805
44343
44350
44176
43959
44251
44097
44027
44437
44141
43865
44156
44208
44233
43902
44071
44100
44066
44092
43990
44222
44062
44087
43929
44334
44133
43836
44137
44131
44083
44276
44251
44409
44243
44025
44241
44222
44014
43950
44131
44350
44006
44180
44018
44105
43910
44147
44189
43976
44061
43648
43399
43865
43977
43828
44038
43919
44201
43968
43870
44151
43979
44089
43990
43825
43673
44112
44311
44120
44106
43942
44189
44363
44253
43953
43927
43983
44010
44183
44126
43874
43939
44080
44205
44056
43949
44517
43964
43843
43894
43820
44015
43940
43937
44245
43951
42938
43234
43228
43036
43088
44225
44148
44175
44205
44052
43010
43128
43395
42752
43130
42891
42515
42639
42886
42820
42928
42862
43155
43077
43104
42739
42952
43077
43049
43160
43069
42839
43098
43175
42722
43018
42690
43230
43037
43051
43155
43059
43117
43069
42918
43082
43223
43014
43288
43135
43290
42795
42936
43161
42727
43284
43052
42960
43101
42863
42896
42951
42966
43257
42935
43253
42768
42956
42989
43265
43073
42955
43005
42490
42603
43033
42459
42704
42945
42887
43230
42970
42573
43040
43110
43192
43175
42993
43126
43166
43206
43480
43341
42892
43392
43086
43232
43394
42992
43338
43085
42869
43072
43131
42922
42718
42956
42752
43051
42949
42761
42930
43118
42905
42947
43066
42830
42871
42682
43140
42679
42984
43176
43125
43022
43225
42996
43045
43010
42795
43026
43225
42999
42676
42632
42551
42861
42763
42686
42789
42906
42836
42991
43087
42901
42924
42937
42836
43085
43397
42817
43060
43012
43153
42712
42981
43130
43048
42946
43223
42883
43328
42835
43060
42946
42849
42924
42952
42791
42750
42837
42840
43130
42780
42747
42788
42703
42960
43254
43055
42843
42942
42980
42869
42651
43236
43206
42922
42826
42772
42938
42872
42863
43058
42584
42573
42540
42728
42966
42970
42703
42891
42470
43105
42784
42962
43020
42748
42871
43145
42927
42776
43051
42814
42884
42835
42982
42924
43029
42860
43100
42878
42864
42737
42785
43074
42746
42902
42955
43195
42780
43073
42876
43032
42938
43352
42928
43005
42963
42889
42626
42900
43060
43264
43004
43170
42825
42975
43061
42987
42851
43190
42702
42738
42988
42638
42830
43184
42865
43160
42856
43134
43042
42771
42943
42851
42690
42840
42969
42897
42601
42833
42974
42828
42999
42779
42877
42656
42744
42528
43036
42852
42831
42817
42873
42925
42829
42916
43066
42919
42975
42742
42685
42641
42791
43102
42627
42913
42775
42712
43041
43014
42802
42899
43077
42648
42715
42958
42800
42826
42962
42550
42865
42561
42446
42640
42872
42851
42858
43031
43005
42993
42953
42802
42634
42674
42692
42927
42761
43091
42786
42894
42724
42730
42951
42718
42523
43078
42856
42531
42801
42835
43017
42897
42743
42990
42958
43060
42891
42677
42742
42729
42900
42641
43115
43006
43065
42578
42705
43004
42723
42802
42882
42666
42916
42832
43007
42811
42963
43069
42908
42686
42522
42688
42566
42696
42762
42935
42699
42951
42954
42789
43029
42916
42873
43099
42857
42649
43059
42729
42991
42770
42517
42786
42629
42653
42855
42750
42785
42778
42628
42837
42541
42837
42858
42727
42638
42674
42448
42782
42948
42562
42598
42428
42677
42717
42805
42477
42837
42918
42843
42683
42987
42926
42615
42284
42667
42546
43149
42551
42543
42419
42143
42402
42168
42295
42894
42941
42720
42532
42512
42755
42888
42557
42498
42556
42609
42876
42722
42524
42687
42471
42463
42487
42924
42317
42549
42639
42468
42603
42704
42600
42405
42673
42835
42861
42769
42562
42787
42709
42745
42548
42814
42552
42670
42349
42780
42672
42622
42851
42642
42890
42855
42742
42643
42648
42887
42475
42490
42614
42159
42173
42027
42386
42462
42472
42354
42644
42462
42756
42882
42524
42997
42615
42759
42532
42649
42679
42441
42663
42648
42941
42509
42653
42638
42446
42380
42664
42444
42977
42489
42581
42594
42626
42911
42672
42501
42983
42818
42333
42731
42205
42883
42772
42596
42646
42808
42411
42494
42219
42472
42758
42681
42608
42494
42779
42314
42807
42784
42585
42265
42180
41960
42207
41845
42571
42726
42611
42650
42459
42706
42723
42583
42308
42126
42562
42394
42288
42501
42351
42588
42414
42240
42730
42287
42271
42507
42447
42368
42288
42162
42382
42332
42180
42144
42268
42574
42358
42387
42346
42238
42394
42847
42591
42477
42661
42924
42835
43028
42718
42624
42999
42397
42954
42981
42994
43047
42955
42979
42565
42403
42703
42527
42566
42669
42754
42982
42573
42653
42879
42802
43015
42900
42680
42863
42655
42846
42816
42811
43080
43121
42896
42599
43099
42773
42808
42978
42628
43107
42626
43210
43017
42751
43110
42851
42903
42912
42782
42870
42880
42858
42834
42653
42768
42624
42831
42866
42630
43112
42954
43086
42799
42532
42897
42679
42851
42794
42838
42883
42546
42254
42281
42530
42361
42972
42735
42886
42728
42732
42898
42776
42823
42897
42931
43152
43063
42632
42657
42935
42850
42727
42722
42795
43000
42890
42951
42945
42466
43069
42830
42814
43008
42935
42825
42681
42758
43109
42870
42928
42958
42682
42963
42734
43075
42863
43221
43378
42676
43074
42876
43001
42944
42916
42887
42976
43031
42995
43023
42910
42864
42384
42398
42473
42341
42975
42812
42717
42816
42761
42883
42544
42808
42626
43042
42876
42556
42525
42807
42833
42637
42866
42632
42756
42681
42722
42782
42879
42641
42682
42743
42826
43032
42839
42992
43178
42854
43091
42625
42514
42710
42789
42815
42795
42605
42908
42802
42694
43000
42948
43127
43101
42950
43077
43055
42533
42949
42825
42757
42138
42446
42352
42315
42618
42581
42750
42430
42407
42723
42650
42977
42614
42693
42666
42243
42732
42866
42795
42370
42750
42678
42790
42869
42884
42791
42635
42487
42813
42581
42994
42933
42904
42841
42786
42822
42692
42797
43031
42864
42728
42760
42701
42629
42788
42573
42756
42671
42628
42670
42745
42705
42943
42632
42765
42826
42910
42478
42459
42764
42220
42564
42695
42507
42533
43038
42856
43153
42924
42790
42852
43035
42747
42936
42784
42933
42753
43048
42954
42865
43015
42978
42685
42692
42964
43203
43137
42916
42793
42921
42725
43160
42993
43098
42677
42798
43085
43164
43103
43234
42970
43212
43125
42788
43328
42836
43127
42837
42691
42792
42562
42846
42788
42781
42988
42886
42813
42938
42912
42608
42464
42677
42603
42327
42953
42936
43012
43024
42656
42958
43148
42586
43005
42940
42685
42829
42718
42691
42690
42753
42938
42984
42775
43208
43032
42989
42814
42544
43205
43092
42880
42878
42847
42768
42567
42577
42986
42570
42848
42536
42698
42940
42837
43063
42622
42408
42593
42477
42621
42464
42679
42601
42700
42649
42556
42623
42495
42737
42670
42750
42397
42229
42036
42411
42535
42388
42663
42389
42724
42369
42689
42735
42474
42548
42558
42751
42680
42411
42103
42840
42649
42556
42780
42444
42603
42530
42611
42662
42703
42428
42225
42449
42690
42495
42467
42655
42584
42387
42577
42521
42649
42577
42658
42843
42590
42766
42604
42494
42588
42609
42528
42313
42454
42601
42659
42492
42711
42650
42812
41913
42208
41807
42318
42068
42753
42575
42641
42606
42687
42652
42430
42708
42347
42577
42421
42592
42666
42396
42672
42494
42583
42555
42738
42388
42429
42358
42461
42492
42623
42661
42561
42726
42821
42742
42683
42473
42651
42738
43001
42414
42433
42486
42894
42603
42779
42366
42827
42532
42715
42579
42755
42603
42820
42409
42396
42606
42755
42221
42246
42226
42150
42029
42207
42056
42281
42428
42599
42447
42346
42335
42429
42214
42472
42467
42362
42648
42457
42496
42614
42279
42623
42576
42614
42848
42743
42544
42884
42479
42578
42555
42534
42669
42469
42462
42373
42452
42367
42721
42550
42581
42700
42422
42531
42710
42553
42578
42641
42548
42445
42790
42674
42837
42524
42339
42511
42653
42442
42208
42297
42123
42039
42156
42522
42818
42599
42753
42852
42647
42880
42466
42614
42560
42734
42764
42691
42561
42425
42823
42390
42859
42314
42639
42551
42548
42646
42524
42573
42869
42904
42463
42688
42476
42652
42416
42474
42367
42736
42369
42259
42291
41280
41440
42037
41740
41778
42827
42759
42712
42697
42700
42542
42642
42797
42342
42847
42523
42480
42122
42031
42351
42260
41988
42396
42337
42461
42535
42355
42363
42302
42699
42038
42532
42394
42578
42182
42467
42505
42440
42614
42244
42629
42327
42529
42417
42627
42219
42260
42329
42746
42444
42365
42848
42691
42453
42499
42400
42532
42563
42625
42623
42520
42785
42727
42846
42453
42712
42674
42301
42482
42837
42526
42788
42682
42858
42879
43043
42753
42181
42801
42222
42429
42238
42375
42450
42382
42433
42351
42525
42642
42580
42373
42796
42499
42272
42523
42483
42585
42248
42262
42514
42750
42626
42732
42857
42658
42273
42544
42365
42698
42466
42380
42342
42526
42361
42597
42495
42537
42323
42538
42452
42470
42536
42670
42684
42367
42636
42531
42811
42440
42377
42615
42599
42244
42626
42333
42751
42725
42392
42324
41980
42281
42064
42597
42372
42501
42343
42422
42490
42530
42595
42532
42688
42447
42737
42442
42831
42463
42551
42328
42413
42418
43043
42698
42515
42642
42813
42564
42738
42652
42592
42612
42962
42594
42847
42940
42889
42770
42512
42763
42578
42616
42410
43004
42744
42754
42867
42628
42845
42691
42661
42271
42670
42451
42774
42324
42708
42326
42662
42550
42243
42158
42739
42719
42495
42620
42581
42638
42663
42502
42492
42576
42370
42552
42506
42710
42671
42771
42411
42635
42851
43004
43102
42831
42864
42774
42681
42966
42869
42913
43040
42980
42816
43068
42858
42611
42758
42482
42823
42650
42660
42789
42496
42809
42465
42746
42614
42790
42629
42597
42528
42725
42600
42840
42586
42403
42549
42322
42146
42582
42219
42359
42557
43046
42490
42518
42586
42866
42595
42687
42814
42461
42546
42409
42888
42843
42611
42670
42700
42574
43035
42600
42646
42736
42640
42792
42563
42547
42752
42802
42783
42478
42807
42702
42719
42731
42542
42967
42754
42591
42588
42689
42734
42795
42773
42604
42886
42740
42509
42664
42493
42543
42807
42734
42763
42349
42420
42434
42317
42521
42484
42555
42588
42608
42514
42481
42648
42524
42477
42475
42660
42958
42679
42561
42856
42607
42923
42710
42717
42578
42790
42881
42682
42678
43034
42507
42592
42807
42626
42651
42941
42980
43000
42780
42576
42598
42388
42677
42755
43014
42756
42787
42695
42716
43022
42820
42850
42870
42923
42758
42812
42604
42643
42709
42724
42758
42325
42413
42401
42539
42269
42580
42662
42452
42761
42581
42885
42706
42649
42947
42983
42777
42430
42694
42571
42803
42854
42648
42693
42798
42586
42584
42627
42696
42683
43021
42796
42580
42864
42812
42583
42984
42806
42996
42546
42642
42692
42738
42705
42796
42643
42609
42920
42950
42557
42874
43071
42839
42883
42718
42768
42916
42979
43038
42792
42843
42698
42418
42576
42623
42627
42812
42539
42621
42667
42701
42951
42568
42869
42567
42634
42684
42716
42475
42563
42353
42673
42975
42398
42540
42539
42881
42652
42532
42798
42836
42862
42662
42724
42747
43041
42834
42868
42672
42683
42758
42715
42778
42569
42622
42654
42685
42722
42448
42858
42401
42858
42640
42472
42835
42871
42666
42703
42853
42758
42613
42623
42714
42176
42593
42836
42908
42690
42760
42586
42592
42597
42416
42459
42508
42809
42900
42652
42792
42811
42616
42606
42440
42818
42598
42636
43138
42886
43234
42979
43070
43075
43113
43162
42940
42970
43060
42994
43095
43145
42928
43010
42740
42751
43140
42958
43179
42970
42948
42960
42943
43042
43109
42936
42761
42763
42802
43328
42869
42677
42237
42778
42812
42663
42719
43064
43086
43164
43149
43291
43050
43389
43214
43113
43188
43161
42793
42874
42907
42829
43072
42884
43144
42956
43158
43513
43284
43381
43447
43277
43250
43317
43424
43252
43491
43290
43069
43106
43188
43437
43227
43270
43355
43073
43154
43134
43241
42569
42331
42365
42167
42478
43392
43645
43190
43259
43275
43365
43389
43002
43028
42810
42946
42981
42712
43101
43151
43223
43235
43324
43370
43396
42995
43191
42875
43234
43066
43051
42899
43396
43245
43002
43570
42890
43166
43265
43254
43052
42808
42893
43182
42950
42985
42835
43131
42911
43252
43244
43274
43552
43146
43345
43065
43138
43212
43210
43463
43264
43068
43183
43475
43269
41899
41760
41750
41526
41561
41477
41453
41603
41390
41366
41195
41385
41624
41478
41458
41366
41673
41744
41769
41543
41555
41358
41650
41758
41520
41835
41854
41676
41693
41721
41810
41825
41867
41645
41676
41482
41729
41551
41642
41621
41500
41519
41560
41912
41382
41718
41994
41518
42035
41865
41419
41719
41498
41767
41823
41918
41723
41792
41848
41523
41650
41616
41659
41670
41262
41627
41650
41213
41039
41585
41405
41387
41699
41777
41613
41660
41699
41750
41535
41332
41706
41704
41725
41571
41584
41470
41735
41759
41784
41560
41859
41393
41722
41729
41738
41506
41585
41598
41639
41964
41718
41798
41796
41591
41890
41667
41460
41489
41857
41622
41459
41682
41491
41779
41560
41588
41643
41708
41503
42756
42562
42654
42866
42712
42746
42476
42852
42657
42422
42488
42521
42550
42709
42687
42774
42567
42850
42628
42469
42763
43076
42808
42653
42705
42555
42847
42640
42908
42723
42759
42543
42597
42879
42656
42727
42743
42510
42820
42652
42942
42460
42786
42545
42841
42653
42670
42743
42790
42572
42860
42658
42953
42990
42776
42846
42881
42854
42898
42911
42689
42727
43054
43067
43102
43387
43171
42788
42791
42859
42914
42706
43263
43029
43119
43444
43245
43062
43357
42941
43222
42926
43087
43390
43447
43174
43107
43365
43427
43209
43243
43292
43325
43342
43416
42920
43318
43313
42906
43187
43235
43039
42953
43226
43284
43331
42912
43401
43199
42975
43267
43316
42848
43122
43179
42905
43284
43067
43363
43393
43432
42963
43037
43017
43119
42874
43232
42753
42994
42640
42896
42950
43329
42854
43198
43227
43024
43332
43116
42875
43420
43005
43332
42986
43229
43049
42852
42975
43050
43133
43109
43187
43169
43206
42975
43034
43300
43125
42920
43209
43242
43250
43065
43109
43124
43153
43455
43292
43050
43589
43244
43462
43077
43081
42864
43149
43213
43090
43188
43437
43437
43486
43278
43041
43378
43210
43524
42727
42575
42610
42762
42807
42677
42959
43085
42816
43166
42906
42948
43040
43033
42869
42842
42735
43037
43077
43124
43173
42509
43005
43069
42843
42868
42902
43185
43003
42812
42844
42924
42925
43201
42718
43003
43062
43083
43123
43114
43210
43235
43030
42805
43379
43173
42642
42940
43074
43050
43095
42867
43173
42960
42765
42802
43090
42621
42917
42706
42546
42787
42565
42885
42670
42764
43039
43128
42949
42978
42988
43046
42856
42869
43112
42791
43059
42854
42881
42936
42954
43259
43022
43042
43121
42949
43191
42987
43058
43126
43111
42924
43049
43336
43142
43324
43155
43401
43240
43598
42905
43218
42945
43349
43332
43453
43227
43233
43351
43350
43105
43131
43467
43486
43524
43028
43119
43403
43284
43059
42891
42622
42867
42972
43108
43079
43377
43467
43265
43328
43126
43154
43172
43484
43260
43370
43415
43201
43471
43188
43528
43062
43091
43488
43023
43335
43354
43432
42925
43397
43401
43407
43424
43409
43239
43336
43102
43471
43256
43528
43568
43344
43383
43672
42955
43022
43536
43340
43044
43035
43291
43256
43176
43208
43304
43030
43316
43085
42830
42745
43100
43031
42871
43147
43262
43078
43205
43455
43504
43053
43334
43191
43166
42960
43009
43104
43120
42970
43187
43164
43023
43326
43100
43221
43262
43313
43205
42991
42788
43095
42951
43190
43286
43148
43131
43424
43201
43260
43066
43102
43135
43188
42969
43001
43062
43069
42872
43150
42915
42953
43270
43064
43094
42948
42938
43147
42993
43048
42903
42852
42746
42725
42281
42880
43171
42955
43268
42869
42877
42918
42700
42702
42864
42965
43034
43068
42852
42902
42950
42996
42796
42874
42871
43215
43198
42982
42781
42988
42877
42677
42926
43075
42873
42667
42959
43009
43068
42844
42896
42891
42979
43016
42848
43091
43112
42663
42950
42778
43036
42813
42937
42769
43023
42793
42780
42863
42768
43058
42643
42880
42473
42527
42564
42667
42958
42768
43056
42653
42891
42918
42691
42921
43004
42825
42840
42907
42969
42516
43029
42822
42880
42950
42730
43024
43080
42852
42865
42896
42960
42724
42781
42817
42865
43163
42622
42733
42846
42836
43124
42902
42920
42821
42845
42889
42978
42745
42990
42839
42894
43166
42953
42981
42985
42777
42857
42581
42812
42906
42746
42320
42582
42359
42646
42734
43015
42853
42905
42616
42668
43209
42565
42603
42822
42709
42768
42819
42651
42677
42658
42765
42807
42608
42670
42670
42722
42758
42980
42578
42910
42861
42942
42724
42878
42804
42871
42642
42678
42755
42552
43093
42680
42680
42718
43008
42768
42869
42661
42687
42519
42995
43275
43104
43140
43164
42960
43241
43077
42856
42668
43000
43001
42736
42882
42910
43202
43043
43332
43125
43404
43438
43242
43062
43187
42960
43009
43058
43058
43380
43180
43013
43265
43349
43102
43097
42953
43014
43117
43104
43164
43533
43301
43123
43117
43262
43048
43146
43435
43163
42953
42999
42992
43114
43166
42956
42991
43067
43057
43337
43151
43187
42922
43087
43012
43143
43169
43177
43247
42750
42891
42945
42718
42983
43081
43141
43462
43546
43441
43141
43163
43462
43571
43271
43138
42973
43289
43121
43127
42974
43265
43298
43128
42961
42998
43283
43078
43128
43148
43195
43440
43215
43270
43046
43134
43439
42984
43288
43087
43137
43432
43067
43364
43108
43506
43013
43044
43107
43182
43013
43035
43088
43113
43206
43179
42953
43045
43019
43309
42899
42691
42957
42771
42813
43427
43196
43060
43069
43127
43227
43315
43352
43371
43246
43029
43102
43111
43212
43268
42842
43179
42906
43202
42995
43036
43088
43113
42918
43006
43006
43321
43036
42845
43179
42755
43001
43125
42899
42893
43297
43277
43286
42868
42917
42966
43233
43291
43081
42850
43147
42944
42793
43088
42851
43153
43186
43014
42918
42735
42726
42498
42542
42855
42953
43182
42706
42979
42768
43059
43077
42866
42980
43009
43127
43411
42947
43249
43022
43122
43158
43236
43277
43326
42825
43197
43232
43220
43307
43286
43322
42852
42879
43160
42947
43241
43063
42816
42867
42866
42958
43010
43089
42894
42926
42684
42994
42780
42878
42868
42987
42751
42940
42761
42652
43182
42971
42989
42763
42340
42418
42375
42734
42757
43062
42863
43187
42952
42983
43092
42809
43187
43225
43274
43361
43150
42932
42708
43034
42704
42752
42839
43126
43155
42868
42947
43037
42747
43080
42876
42913
42959
42800
43079
42867
42915
42950
42974
42759
42785
42787
42874
42905
43211
42773
42797
42831
42820
42835
42895
43181
42749
43254
42509
42830
42868
42901
43212
42935
42763
42575
42374
42964
42811
42924
42872
43070
43044
42590
42879
42703
